4 107 2
130
140
150
160
170
180
190
200
201
202
203
204
205
206
207
208
209
210
211
212
213
214
215
216
217
218
219
220
221
222
223
224
225
226
227
228
229
230
231
232
233
234
235
236
237
238
239
240
241
242
243
244
245
246
247
248
249
250
251
252
253
254
255
256
257
258
259
260
261
262
263
264
265
266
267
268
269
270
271
272
273
274
275
276
277
278
279
280
281
282
283
284
285
286
287
288
289
290
291
292
293
294
295
296
297
298
1000

0 30

0.0005
0.0005
0.001
0.003
0.01
0.03
0.08
0.24215
0.27206
0.30544
0.34315
0.38632
0.43635
0.4951
0.56494
0.64886
0.7508
0.8759
1.03092
1.22494
1.47023
1.78349
2.1874
2.71351
3.40602
4.32708
5.5643
7.24204
9.5387
12.70825
17.10746
22.82557
30.41134
37.78078
43.93124
49.84514
55.22966
59.90836
63.8297
67.03445
69.61572
71.6827
73.33749
74.6665
75.74019
76.61627
77.3427
77.8785
78.31067
78.68454
79.00211
79.30858
79.61219
79.91716
80.2244
80.53236
80.83719
81.03616
81.23759
81.40031
81.52139
81.63865
81.76625
81.89068
82.01388
82.13798
82.26469
82.39323
82.52819
82.67054
82.82039
82.9771
83.13633
83.29335
83.45097
83.60641
83.75698
83.8886
83.98516
84.0717
84.14447
84.20393
84.25176
84.28889
84.3109
84.31339
84.30881
84.2988
84.28506
84.26927
84.25336
84.24074
84.23093
84.22499
84.22363
84.22725
84.23595
84.24955
84.26366
84.28101
84.30103
84.32298
84.34606
84.36948
84.39262
84.41658
84.44265


0.0005
0.0005
0.0005
0.001
0.004
0.01
0.04
0.14804
0.17185
0.20044
0.23512
0.27757
0.32999
0.39532
0.47749
0.58172
0.71509
0.88723
1.11126
1.40529
1.79442
2.31329
3.00997
3.9512
5.22944
6.97123
9.34632
12.57745
16.94919
22.80444
30.52176
39.51386
50.1134
57.50784
61.21138
64.12209
66.34322
68.00435
69.23595
70.15472
70.85894
71.42715
71.91833
72.37376
72.81964
73.27002
73.72969
74.12199
74.486
74.83389
75.1437
75.44273
75.72943
76.00446
76.27036
76.53104
76.79396
76.96159
77.14514
77.30763
77.44733
77.60115
77.77979
77.96384
78.15021
78.33528
78.51501
78.68474
78.84262
78.98614
79.11361
79.22436
79.31556
79.38578
79.44264
79.48858
79.52642
79.54949
79.54848
79.548
79.5478
79.55029
79.55826
79.57301
79.5883
79.59743
79.61188
79.63093
79.6537
79.67918
79.70711
79.74062
79.77367
79.80523
79.83443
79.86061
79.88335
79.90247
79.91456
79.92392
79.93129
79.93732
79.94276
79.94836
79.95493
79.96341
79.97772


