4 107 2

130
140
150
160
170
180
190
200
201
202
203
204
205
206
207
208
209
210
211
212
213
214
215
216
217
218
219
220
221
222
223
224
225
226
227
228
229
230
231
232
233
234
235
236
237
238
239
240
241
242
243
244
245
246
247
248
249
250
251
252
253
254
255
256
257
258
259
260
261
262
263
264
265
266
267
268
269
270
271
272
273
274
275
276
277
278
279
280
281
282
283
284
285
286
287
288
289
290
291
292
293
294
295
296
297
298
1000

0 30

60
60
60
60
60
60
60
62.49262
60.45427
58.58242
56.87149
55.30997
53.88271
52.57097
51.35494
50.21498
49.13101
48.08427
47.05709
46.03087
44.98632
43.90426
42.76393
41.53957
40.19811
38.69586
36.97255
34.94244
32.47848
29.39314
25.41315
21.21074
15.84927
13.41917
13.70095
13.78158
13.65733
13.35293
12.90945
12.37197
11.77945
11.16045
10.53406
9.91234
9.30263
8.7091
8.13395
7.66768
7.25464
6.87221
6.53869
6.21709
5.90648
5.6058
5.31392
5.02978
4.75228
4.59264
4.42704
4.29887
4.21017
4.11863
4.00917
3.90132
3.79489
3.68979
3.58643
3.48783
3.39081
3.29531
3.20127
3.10855
3.02
2.93801
2.8569
2.77658
2.69688
2.62916
2.58918
2.55001
2.51363
2.47901
2.44435
2.40965
2.38029
2.3622
2.34413
2.32614
2.30827
2.29057
2.27314
2.25633
2.23981
2.2236
2.20772
2.19215
2.17691
2.16197
2.14735
2.13297
2.11881
2.10484
2.09102
2.07734
2.06378
2.05041
2.03266




57
57
57
57
57
57
57
57.88909
57.09967
56.37499
55.70557
55.08321
54.50129
53.95337
53.43446
52.94091
52.46915
52.01679
51.5815
51.15858
50.74025
50.3151
49.86493
49.35831
48.74456
47.9445
46.83708
45.24266
42.90033
39.44844
34.41739
28.55616
20.91424
16.94774
16.42508
15.75727
15.00394
14.21224
13.41555
12.63646
11.88832
11.17712
10.50429
9.86839
9.2663
8.69384
8.1465
7.70793
7.32067
6.96053
6.64471
6.33619
6.03421
5.73832
5.44831
5.16406
4.88556
4.72644
4.561
4.43407
4.34796
4.25934
4.15225
4.0467
3.94223
3.83848
3.73565
3.63677
3.53829
3.44011
3.3422
3.24454
3.15033
3.06233
2.97481
2.88793
2.80178
2.72829
2.68388
2.64078
2.60111
2.56389
2.52724
2.49116
2.46119
2.44342
2.42603
2.40899
2.39226
2.37579
2.35961
2.34404
2.32862
2.31329
2.29802
2.2828
2.26761
2.25243
2.23738
2.2224
2.2075
2.1927
2.17804
2.16353
2.14921
2.13512
2.1166

