PMMA nREAL
Reference:
Linear
Wavelength nm
60.000,243.845,248.421,249.706,251.318,253.941,257.256,258.598,260.247,269.353,279.732,289.772,300.157,309.277,320.003,338.821,349.237,359.678,370.137,380.268,389.714,399.795,410.197,419.623,429.373,439.774,450.176,460.577,469.678,480.079,490.480,500.230,509.981,519.732,530.134,540.210,549.961,560.037,570.113,579.538,589.940,600.016,610.092,619.193,629.592,639.994,800.000
1.000,1.003,2.293,2.360,2.414,2.316,2.039,1.859,1.755,1.732,1.825,1.981,2.051,1.964,1.964,2.109,2.045,1.872,1.620,1.386,1.291,1.271,1.271,1.271,1.271,1.271,1.265,1.265,1.265,1.265,1.266,1.266,1.266,1.266,1.260,1.260,1.257,1.258,1.258,1.261,1.258,1.255,1.255,1.255,1.261,1.255,1.255

PMMA nIMAG
Reference:
Linear
Wavelength nm
60.000,245.964,249.980,259.673,270.455,280.276,290.112,299.935,309.726,320.512,339.837,349.627,360.048,370.458,380.226,390.019,399.822,409.626,420.083,429.885,440.343,450.148,459.954,470.084,480.216,490.019,499.823,509.627,520.085,530.544,539.694,549.500,559.956,570.413,580.217,590.021,599.825,609.631,620.088,630.548,640.352,800.000
1.0,0.000100000,0.000042978,0.000015744,0.000015319,0.000019574,0.000027234,0.000031914,0.000028723,0.000029361,0.000040000,0.000036595,0.000027659,0.000015957,0.000007234,0.000004680,0.000004255,0.000004255,0.000004255,0.000003829,0.000003829,0.000004255,0.000004680,0.000004468,0.000004680,0.000004680,0.000004680,0.000004680,0.000004680,0.000005106,0.000005106,0.000005531,0.000005106,0.000005106,0.000005106,0.000005106,0.000005106,0.000005531,0.000005531,0.000005957,0.000005957,0.000005957

PMMA Index of Refraction
Reference:
Linear
Wavelength nm
60.0,200.0,210.0,220.0,230.0,240.0,250.0,260.0,270.0,280.0,290.0,300.0,310.0,320.0,330.0,340.0,350.0,360.0,370.0,380.0,390.0,400.0,410.0,420.0,430.0,440.0,450.0,460.0,470.0,480.0,490.0,500.0,510.0,520.0,530.0,540.0,550.0,560.0,570.0,580.0,590.0,600.0,610.0,620.0,630.0,640.0,650.0,660.0,670.0,680.0,690.0,700.0,710.0,720.0,730.0,740.0,750.0,760.0,770.0,780.0,790.0,800.0
1.597,1.597,1.584,1.573,1.564,1.556,1.550,1.544,1.539,1.534,1.531,1.527,1.524,1.521,1.519,1.516,1.514,1.512,1.510,1.509,1.507,1.506,1.505,1.503,1.502,1.501,1.500,1.499,1.499,1.498,1.497,1.496,1.496,1.495,1.494, 1.494,1.493,1.493,1.492,1.492,1.491,1.491,1.490,1.490,1.490,1.489,1.489,1.488,1.488,1.488,1.488,1.487,1.487,1.487,1.486,1.486,1.486,1.486,1.485,1.485,1.485,1.485

PMMA absorption
Reference:
LOGY
Wavelength nm
65.,200.,280.,281.,282.,283.,284.,285.,286.,287.,288.,289.,290.,291.,292.,293.,294.,295.,296.,297.,298.,299.,300.,301.,302.,303.,304.,305.,306.,307.,308.,309.,310.,311.,312.,313.,314.,315.,316.,317.,318.,319.,320.,321.,322.,323.,324.,325.,326.,327.,328.,329.,330.,331.,332.,333.,334.,335.,336.,337.,338.,339.,340.,341.,342.,343.,344.,345.,346.,347.,348.,349.,350.,351.,352.,353.,354.,355.,356.,357.,358.,359.,360.,361.,362.,363.,364.,365.,366.,367.,368.,369.,370.,371.,372.,373.,374.,375.,376.,377.,378.,379.,380.,381.,382.,383.,384.,385.,386.,387.,388.,389.,390.,391.,392.,393.,394.,395.,396.,397.,398.,399.,400.,401.,402.,403.,404.,405.,406.,407.,408.,409.,410.,411.,412.,413.,414.,415.,416.,417.,418.,419.,420.,421.,422.,423.,424.,425.,426.,427.,428.,429.,430.,431.,432.,433.,434.,435.,436.,437.,438.,439.,440.,441.,442.,443.,444.,445.,446.,447.,448.,449.,450.,451.,452.,453.,454.,455.,456.,457.,458.,459.,460.,461.,462.,463.,464.,465.,466.,467.,468.,469.,470.,471.,472.,473.,474.,475.,476.,477.,478.,479.,480.,481.,482.,483.,484.,485.,486.,487.,488.,489.,490.,491.,492.,493.,494.,495.,496.,497.,498.,499.,500.,501.,502.,503.,504.,505.,506.,507.,508.,509.,510.,511.,512.,513.,514.,515.,516.,517.,518.,519.,520.,521.,522.,523.,524.,525.,526.,527.,528.,529.,530.,531.,532.,533.,534.,535.,536.,537.,538.,539.,540.,541.,542.,543.,544.,545.,546.,547.,548.,549.,550.,551.,552.,553.,554.,555.,556.,557.,558.,559.,560.,561.,562.,563.,564.,565.,566.,567.,568.,569.,570.,571.,572.,573.,574.,575.,576.,577.,578.,579.,580.,581.,582.,583.,584.,585.,586.,587.,588.,589.,590.,591.,592.,593.,594.,595.,596.,597.,598.,599.,600.,601.,602.,603.,604.,605.,606.,607.,608.,609.,610.,611.,612.,613.,614.,615.,616.,617.,618.,619.,620.,621.,622.,623.,624.,625.,626.,627.,628.,629.,630.,631.,632.,633.,634.,635.,636.,637.,638.,639.,640.,641.,642.,643.,644.,645.,646.,647.,648.,649.,650.,651.,652.,653.,654.,655.,656.,657.,658.,659.,660.,661.,662.,663.,664.,665.,666.,667.,668.,669.,670.,671.,672.,673.,674.,675.,676.,677.,678.,679.,680.,681.,682.,683.,684.,685.,686.,687.,688.,689.,690.,691.,692.,693.,694.,695.,696.,697.,698.,699.,700.
0.001,000.001,0067.58,0042.92,0037.46,0034.36,0075.65,0014.24,0004.84,0002.19,0001.47,0001.38,0001.38,0001.50,0001.85,0002.18,0002.43,0002.73,0003.12,0003.54,03.94,0004.44,0005.05,0005.87,0006.81,0007.88,0009.05,0010.53,0012.07,0013.64,0015.29,0017.04,0018.86,0020.56,0022.25,0023.91,0025.55,0027.02,0028.61,0030.28,32.11,0033.89,0035.91,0038.03,0040.34,0042.81,0045.36,0048.11,0050.93,0053.87,0057.30,0060.15,0063.11,0065.91,0068.55,0071.27,0073.78,0076.08,0078.37,0080.59,82.79,0084.96,0087.26,0089.71,0092.21,0094.80,0097.55,0100.50,0103.53,0106.60,0110.01,0113.77,0117.46,0121.36,0125.36,0129.90,0134.40,0139.22,0144.55,0149.91,155.81,0162.14,0168.81,0176.11,0184.06,0192.85,0202.31,0213.17,0225.05,0237.41,0250.85,0266.65,0283.61,0302.01,0322.04,0343.89,0367.01,0391.49,0417.07,0445.36,475.02,0508.50,0538.37,0572.88,0607.17,0648.79,694.59,0746.68,0791.99,0835.87,0882.24,0928.49,0979.52,1030.52,1081.12,1127.95,1169.07,1212.70,1257.31,1302.66,1339.17,1370.10,1407.10,1440.62,1472.00,1495.92,1528.44,1553.69,1580.66,1606.40,1625.76,1658.86,1672.81,1698.49,1719.23,1742.58,1757.11,1774.78,1812.56,1823.23,1836.98,1851.56,1879.05,1894.44,1914.24,1933.27,1963.48,1969.48,1996.37,2024.76,2033.99,2042.78,2057.53,2086.12,2125.80,2141.81,2146.43,2162.58,2183.73,2202.56,2221.08,2240.20,2277.44,2290.00,2321.74,2340.21,2373.72,2389.63,2389.13,2404.46,2450.94,2475.93,2488.57,2498.67,2541.45,2580.17,2616.36,2662.25,2670.56,2675.02,2699.55,2728.09,2790.08,2759.08,2777.12,2824.90,2843.81,2854.17,2871.54,2889.72,2910.04,2931.55,2926.42,2953.43,2989.92,3023.97,3034.70,3035.75,3062.08,3047.45,3082.25,3104.92,3102.34,3131.03,3175.08,3173.87,3184.51,3207.41,3234.83,3249.92,3274.21,3285.67,3317.77,3353.93,3350.44,3359.06,3407.99,3416.40,3423.90,3426.44,3432.33,3460.35,3495.39,3497.56,3565.50,3582.85,3567.63,3582.17,3655.17,3674.32,3668.88,3715.38,3729.30,3745.51,3770.15,3793.91,3855.13,3916.19,3928.38,3938.47,3959.27,4006.08,4054.41,4076.31,4090.77,4109.07,4143.65,4178.79,4209.61,4246.41,4270.02,4287.30,4316.69,4319.79,4311.64,4292.95,4326.17,4351.55,4377.48,4383.87,4366.35,4354.38,4361.28,4402.13,4407.61,4404.43,4407.98,4476.82,4525.52,4541.79,4596.28,4589.10,4556.81,4619.94,4656.46,4671.57,4765.87,4797.87,4866.13,4921.54,4933.44,4959.98,5064.61,5150.38,5106.72,5146.09,5170.84,5181.52,5243.49,5295.43,5344.13,5391.89,5396.31,5388.61,5430.96,5499.15,5466.23,5412.68,5430.21,5469.04,5463.16,5529.56,5527.87,5586.64,5603.18,5527.96,5620.59,5652.23,5644.46,5694.86,5704.38,5727.56,5748.94,5729.26,5695.56,5624.84,5730.34,5697.05,5660.15,5697.30,5698.42,5650.42,5622.80,5680.14,5579.96,5510.08,5486.90,5404.21,5363.16,5288.98,5223.99,5145.40,5039.10,4898.50,4818.82,4726.98,4621.64,4555.02,4508.72,4429.16,4339.17,4278.00,4214.02,4201.53,4212.28,4221.29,4261.50,4314.62,4380.30,4436.89,4480.61,4599.42,4687.90,4782.77,4889.66,5084.54,5219.08,5341.56,5482.05,5667.66,5806.92,5913.54,6174.61,6341.41,6414.37,6512.86,6635.74,6717.40,6762.14,6790.97,6990.80,7129.37,7098.97,7039.25,6998.95,7074.30,7026.00,6956.08,6965.11,6908.33,6784.48,6698.72,6638.20,6573.63,6520.23,6528.01,6372.79,6330.25,6351.60,6226.50,6145.43,6112.99,6111.87,6097.08,6148.07,6161.22,6228.73,6135.23,6080.73,6216.11,6100.26,6129.49,6012.49,6065.03,6091.34,6096.55,6035.70,6057.97,6073.05,6075.99,6032.31,6004.06,5990.53,5960.05,5954.05,5886.62,5813.18,5744.58,5572.41,5428.94,5272.57,5128.36,4966.45


