eStop Collision
Reference:
LogXY
Energy MeV
1.000E-02,1.500E-02,2.000E-02,2.500E-02,3.000E-02,3.500E-02,4.000E-02,4.500E-02,5.000E-02,6.000E-02,7.000E-02,8.000E-02,9.000E-02,1.000E-01,1.500E-01,2.000E-01,2.500E-01,3.000E-01,3.500E-01,4.000E-01,4.500E-01,5.000E-01,6.000E-01,7.000E-01,8.000E-01,9.000E-01,1.000E+00,1.500E+00,2.000E+00,2.500E+00,3.000E+00,3.500E+00,4.000E+00,4.500E+00,5.000E+00,6.000E+00,7.000E+00,8.000E+00,9.000E+00,1.000E+01,1.500E+01,2.000E+01,2.500E+01,3.000E+01,3.500E+01,4.000E+01,4.500E+01,5.000E+01,6.000E+01,7.000E+01,8.000E+01,9.000E+01,1.000E+02,1.500E+02,2.000E+02,2.500E+02,3.000E+02,3.500E+02,4.000E+02,4.500E+02,5.000E+02,6.000E+02,7.000E+02,8.000E+02,9.000E+02,1.000E+03
1.054E+01,8.022E+00,6.583E+00,5.641E+00,4.974E+00,4.473E+00,4.083E+00,3.770E+00,3.513E+00,3.115E+00,2.821E+00,2.594E+00,2.414E+00,2.267E+00,1.815E+00,1.584E+00,1.445E+00,1.355E+00,1.293E+00,1.249E+00,1.216E+00,1.192E+00,1.159E+00,1.140E+00,1.130E+00,1.124E+00,1.122E+00,1.135E+00,1.160E+00,1.186E+00,1.211E+00,1.233E+00,1.254E+00,1.273E+00,1.290E+00,1.321E+00,1.348E+00,1.372E+00,1.393E+00,1.412E+00,1.487E+00,1.540E+00,1.581E+00,1.613E+00,1.640E+00,1.662E+00,1.682E+00,1.700E+00,1.730E+00,1.754E+00,1.775E+00,1.793E+00,1.809E+00,1.867E+00,1.905E+00,1.934E+00,1.957E+00,1.976E+00,1.992E+00,2.005E+00,2.017E+00,2.036E+00,2.052E+00,2.066E+00,2.077E+00,2.087E+00

eStop Radiation
Reference:
LogXY
Energy MeV
1.000E-02,1.500E-02,2.000E-02,2.500E-02,3.000E-02,3.500E-02,4.000E-02,4.500E-02,5.000E-02,6.000E-02,7.000E-02,8.000E-02,9.000E-02,1.000E-01,1.500E-01,2.000E-01,2.500E-01,3.000E-01,3.500E-01,4.000E-01,4.500E-01,5.000E-01,6.000E-01,7.000E-01,8.000E-01,9.000E-01,1.000E+00,1.500E+00,2.000E+00,2.500E+00,3.000E+00,3.500E+00,4.000E+00,4.500E+00,5.000E+00,6.000E+00,7.000E+00,8.000E+00,9.000E+00,1.000E+01,1.500E+01,2.000E+01,2.500E+01,3.000E+01,3.500E+01,4.000E+01,4.500E+01,5.000E+01,6.000E+01,7.000E+01,8.000E+01,9.000E+01,1.000E+02,1.500E+02,2.000E+02,2.500E+02,3.000E+02,3.500E+02,4.000E+02,4.500E+02,5.000E+02,6.000E+02,7.000E+02,8.000E+02,9.000E+02,1.000E+03
1.686E-02,1.927E-02,2.092E-02,2.216E-02,2.315E-02,2.399E-02,2.471E-02,2.535E-02,2.593E-02,2.695E-02,2.784E-02,2.864E-02,2.937E-02,3.006E-02,3.300E-02,3.554E-02,3.797E-02,4.042E-02,4.295E-02,4.555E-02,4.824E-02,5.103E-02,5.681E-02,6.285E-02,6.910E-02,7.555E-02,8.217E-02,1.176E-01,1.557E-01,1.958E-01,2.373E-01,2.798E-01,3.233E-01,3.675E-01,4.124E-01,5.040E-01,5.976E-01,6.927E-01,7.893E-01,8.870E-01,1.389E+00,1.907E+00,2.436E+00,2.973E+00,3.517E+00,4.064E+00,4.616E+00,5.171E+00,6.290E+00,7.417E+00,8.551E+00,9.689E+00,1.083E+01,1.659E+01,2.239E+01,2.821E+01,3.405E+01,3.990E+01,4.576E+01,5.163E+01,5.750E+01,6.926E+01,8.102E+01,9.280E+01,1.046E+02,1.164E+02

eStop Total
Reference:
LogXY
Energy MeV
1.000E-02,1.500E-02,2.000E-02,2.500E-02,3.000E-02,3.500E-02,4.000E-02,4.500E-02,5.000E-02,6.000E-02,7.000E-02,8.000E-02,9.000E-02,1.000E-01,1.500E-01,2.000E-01,2.500E-01,3.000E-01,3.500E-01,4.000E-01,4.500E-01,5.000E-01,6.000E-01,7.000E-01,8.000E-01,9.000E-01,1.000E+00,1.500E+00,2.000E+00,2.500E+00,3.000E+00,3.500E+00,4.000E+00,4.500E+00,5.000E+00,6.000E+00,7.000E+00,8.000E+00,9.000E+00,1.000E+01,1.500E+01,2.000E+01,2.500E+01,3.000E+01,3.500E+01,4.000E+01,4.500E+01,5.000E+01,6.000E+01,7.000E+01,8.000E+01,9.000E+01,1.000E+02,1.500E+02,2.000E+02,2.500E+02,3.000E+02,3.500E+02,4.000E+02,4.500E+02,5.000E+02,6.000E+02,7.000E+02,8.000E+02,9.000E+02,1.000E+03
1.055E+01,8.041E+00,6.604E+00,5.664E+00,4.997E+00,4.497E+00,4.108E+00,3.796E+00,3.539E+00,3.142E+00,2.849E+00,2.623E+00,2.443E+00,2.298E+00,1.848E+00,1.619E+00,1.483E+00,1.396E+00,1.336E+00,1.294E+00,1.264E+00,1.243E+00,1.216E+00,1.203E+00,1.199E+00,1.200E+00,1.204E+00,1.253E+00,1.316E+00,1.382E+00,1.448E+00,1.513E+00,1.577E+00,1.640E+00,1.703E+00,1.825E+00,1.946E+00,2.065E+00,2.182E+00,2.299E+00,2.876E+00,3.447E+00,4.017E+00,4.586E+00,5.156E+00,5.727E+00,6.299E+00,6.871E+00,8.020E+00,9.172E+00,1.033E+01,1.148E+01,1.264E+01,1.846E+01,2.430E+01,3.015E+01,3.601E+01,4.188E+01,4.775E+01,5.363E+01,5.952E+01,7.129E+01,8.308E+01,9.487E+01,1.067E+02,1.185E+02

eStop DensityCorrection
Reference:
LogXY
Energy MeV
1.000E-02,1.500E-02,2.000E-02,2.500E-02,3.000E-02,3.500E-02,4.000E-02,4.500E-02,5.000E-02,6.000E-02,7.000E-02,8.000E-02,9.000E-02,1.000E-01,1.500E-01,2.000E-01,2.500E-01,3.000E-01,3.500E-01,4.000E-01,4.500E-01,5.000E-01,6.000E-01,7.000E-01,8.000E-01,9.000E-01,1.000E+00,1.500E+00,2.000E+00,2.500E+00,3.000E+00,3.500E+00,4.000E+00,4.500E+00,5.000E+00,6.000E+00,7.000E+00,8.000E+00,9.000E+00,1.000E+01,1.500E+01,2.000E+01,2.500E+01,3.000E+01,3.500E+01,4.000E+01,4.500E+01,5.000E+01,6.000E+01,7.000E+01,8.000E+01,9.000E+01,1.000E+02,1.500E+02,2.000E+02,2.500E+02,3.000E+02,3.500E+02,4.000E+02,4.500E+02,5.000E+02,6.000E+02,7.000E+02,8.000E+02,9.000E+02,1.000E+03
0.000E+00,0.000E+00,0.000E+00,0.000E+00,0.000E+00,0.000E+00,0.000E+00,0.000E+00,0.000E+00,0.000E+00,0.000E+00,0.000E+00,0.000E+00,0.000E+00,0.000E+00,0.000E+00,0.000E+00,0.000E+00,0.000E+00,0.000E+00,0.000E+00,0.000E+00,0.000E+00,0.000E+00,0.000E+00,0.000E+00,0.000E+00,0.000E+00,0.000E+00,0.000E+00,0.000E+00,0.000E+00,0.000E+00,0.000E+00,0.000E+00,0.000E+00,0.000E+00,0.000E+00,0.000E+00,0.000E+00,0.000E+00,2.396E-03,2.422E-02,5.614E-02,9.173E-02,1.286E-01,1.660E-01,2.033E-01,2.775E-01,3.504E-01,4.215E-01,4.905E-01,5.571E-01,8.546E-01,1.102E+00,1.313E+00,1.499E+00,1.665E+00,1.816E+00,1.956E+00,2.086E+00,2.322E+00,2.532E+00,2.722E+00,2.894E+00,3.052E+00

Index of Refraction
Reference:
Linear
Energy eV
7.4806,7.5443,7.5807,7.6807,7.7442,7.7895,7.8438,7.8798,7.9066,7.9424,7.9871,8.0229,8.0585,8.0865,8.0965,8.1157,8.1262,8.1461,8.1563,8.1756,8.1951,8.2235,8.2518,8.2801,8.2992,8.3363,8.3640,8.4181,8.4449,8.4806,8.5256,8.5704,8.5879,8.6144,8.6594,8.7318,8.8053,8.8874,8.9603,9.0151,9.0795,9.1616,9.2252,9.2525,9.3171,9.3361,9.3458,9.3556,9.3657,9.3849,9.3948,9.4136,9.4327,9.4421,9.5056,9.5507,9.6235,9.6506,9.7327,9.8331,9.9151,9.9882,10.043,10.098,10.200,10.265,10.329,10.393,10.448,10.484,10.539,10.575,10.621,10.648,10.675,10.703,10.785,11.022
1.793,1.814,1.835,1.888,1.931,1.973,2.026,2.079,2.142,2.227,2.333,2.417,2.513,2.449,2.354,2.248,2.100,1.920,1.804,1.687,1.560,1.444,1.349,1.253,1.158,1.095,1.063,1.137,1.201,1.296,1.370,1.465,1.550,1.645,1.719,1.783,1.740,1.751,1.772,1.761,1.719,1.730,1.761,1.772,1.698,1.613,1.550,1.486,1.380,1.275,1.190,1.126,1.042,1.010,1.052,1.116,1.148,1.179,1.190,1.201,1.211,1.211,1.190,1.116,1.000,0.904,0.841,0.798,0.798,0.830,0.841,0.883,0.894,0.947,0.989,0.947,0.947,1.000
